camera_matrix: 
  [0.000, 0.000, 0.000,
   0.000, 0.000, 0.000,
   0.000, 0.000, 0.000]
dist_coeffs:
  [0.000,0.000,0.000,0.000,0.000]